xcenter = 120.0
ycenter = 67.5
factor0 = 0.9977126522948322
factor1 = -0.005962107740159425
factor2 = 2.765181532081275e-05
factor3 = -7.309196387376617e-08
factor4 = 7.841241575960797e-11
