xcenter = 120.0
ycenter = 67.5
factor0 = 0.9996402341813817
factor1 = -0.0069047039265267745
factor2 = 3.7925134883616395e-05
factor3 = -1.1160417426692808e-07
factor4 = 1.2800858711816944e-10
